- name: R.I.T.
  latitude: 43.084250
  longitude: -77.677865
  radius: 575
  icon: mdi:school
